image_width: 848
image_height: 800
camera_name: cam0
camera_matrix:
  rows: 3
  cols: 3
  data: [287.6051940917969, 0.0, 418.3965148925781, 0.0, 285.9070129394531, 396.2340087890625, 0.0, 0.0, 1.0]
distortion_model: equidistant
distortion_coefficients:
  rows: 1
  cols: 4
  data:  [-0.009858068078756332, 0.04836786165833473, -0.04781334102153778, 0.010100269690155983]