image_width: 848
image_height: 800
camera_name: cam1
camera_matrix:
  rows: 3
  cols: 3
  data: [287.1037902832031, 0.0, 420.5409851074219, 0.0, 285.48089599609375, 396.9526062011719, 0.0, 0.0, 1.0]
distortion_model: equidistant
distortion_coefficients:
  rows: 1
  cols: 4
  data:  [-0.01285600010305643, 0.05505279079079628, -0.053996291011571884, 0.012131109833717346]