image_width: 720
image_height: 540
camera_name: cam3
camera_matrix:
  rows: 3
  cols: 3
  data: [345.63834029679344, 0.0, 359.1949527602981, 0.0, 345.60457546524117, 265.0622298121021, 0.0, 0.0, 1.0]
distortion_model: equidistant
distortion_coefficients:
  rows: 1
  cols: 4
  data:  [-0.03967801987567579, 0.002824830506692818, -0.003594706362448155, 0.000644257296866848]