image_width: 720
image_height: 540
camera_name: cam0
camera_matrix:
  rows: 3
  cols: 3
  data: [588.5410812330834, 0.0, 366.7455371849833, 0.0, 588.5327177715621, 268.2355128741857, 0.0, 0.0, 1.0]
distortion_model: equidistant
distortion_coefficients:
  rows: 1
  cols: 4
  data:  [-0.013431379626800568, -0.05451189640521573, 0.12174142176971232, -0.09897870310935421]