image_width: 720
image_height: 540
camera_name: cam0
camera_matrix:
  rows: 3
  cols: 3
  data: [464.7925313348926, 0.0, 359.92942784674545, 0.0, 464.68355337335663, 268.1073594287461, 0.0, 0.0, 1.0]
distortion_model: equidistant
distortion_coefficients:
  rows: 1
  cols: 4
  data:  [0.03187205699629891,  0.2526861005220446, -0.5120306833325895,  0.6764148814794545]