image_width: 720
image_height: 540
camera_name: cam1
camera_matrix:
  rows: 3
  cols: 3
  data: [461.88544737175596, 0.0, 358.21880909974254, 0.0, 461.5172318668616, 262.55392685092306, 0.0, 0.0, 1.0]
distortion_model: equidistant
distortion_coefficients:
  rows: 1
  cols: 4
  data:  [0.026870397991867627,   0.2556566638650446, -0.493747058572777, 0.6522161450636398]