image_width: 720
image_height: 540
camera_name: cam1
camera_matrix:
  rows: 3
  cols: 3
  data: [461.7772815, 0.0, 358.725925185576, 0.0, 461.7772815, 262.02195974034373, 0.0, 0.0, 1.0]
distortion_model: equidistant
distortion_coefficients:
  rows: 1
  cols: 4
  data:  [0.0407822,   0.17987484, -0.30638326,  0.49262212]