image_width: 720
image_height: 540
camera_name: cam2
camera_matrix:
  rows: 3
  cols: 3
  data: [348.2847496533, 0.0, 348.1481813379, 0.0, 361.7532887038, 265.2151621969, 0.0, 0.0, 1.0]
distortion_model: equidistant
distortion_coefficients:
  rows: 1
  cols: 4
  data:  [-0.0403014063, -0.0008747092, -0.0004332916, -0.0001634214]