image_width: 720
image_height: 540
camera_name: cam0
camera_matrix:
  rows: 3
  cols: 3
  data: [575.6490558589155, 0.0, 380.7758494866225, 0.0, 574.8826274715605, 276.48340963586213, 0.0, 0.0, 1.0]
distortion_model: equidistant
distortion_coefficients:
  rows: 1
  cols: 4
  data: [0.009631693225813719, -0.058610376595027394, 0.020094536827887973, 0.04147478234628227]

